15,17
15,16
15,15
15,14
15,13
15,12
15,11
15,10
15,9
15,8
15,7
15,6
15,5
15,4
15,3
15,2
15,1
15,0
14,73
14,71
14,70
14,68
14,9
14,8
14,7
14,2
14,1
14,0
13,4
13,3
13,2
13,1
13,0
12,8
12,7
12,6
12,5
12,4
12,3
12,2
12,1
12,0
11,5
11,4
11,3
11,2
11,1
11,0
10,4
10,3
10,2
10,1
10,0
9,5
9,4
9,3
9,2
9,1
9,0
8,5
8,4
8,3
8,2
8,1
8,0
7,5
7,4
7,3
7,2
7,1
16,18
7,0
14,66
16,3
6,5
6,4
6,3
6,2
6,1
14,67
14,5
6,0
14,4
17,3
5,6
5,5
5,4
5,3
5,2
5,1
14,65
5,0
14,3
4,3
4,2
4,1
4,0
3,6
3,5
3,4
3,3
3,2
3,1
3,0
2,5
2,4
2,3
2,2
2,1
2,0
1,3
1,2
1,1
1,0
0,410
0,324
0,243
0,9
0,1
0,0
0,489
0,300
0,461
0,299
0,449
0,298
0,448
0,297
0,322
0,296
0,342
0,295
0,341
0,294
0,321
0,293
0,376
0,292
0,460
0,291
0,375
0,290
0,430
0,289
0,320
0,288
0,374
0,287
0,373
0,286
0,340
0,285
0,372
0,284
0,494
0,283
0,371
0,282
0,429
0,281
0,383
0,280
0,493
0,279
0,459
0,278
0,440
0,277
0,339
0,276
0,439
0,275
0,447
16,0
16,1
16,4
16,5
16,7
16,8
16,10
16,12
16,13
16,15
16,16
17,0
17,2
17,4
17,5
17,1
16,17
16,14
16,11
16,9
16,6
16,2
0,274
0,446
0,273
0,272
0,481
0,271
0,458
0,270
0,369
0,269
0,457
0,268
0,456
0,267
0,368
0,266
0,382
0,265
0,492
0,264
0,491
0,263
0,381
0,262
0,427
0,261
0,260
0,425
0,259
0,336
0,258
0,480
0,257
0,455
0,256
0,335
0,255
0,380
0,254
0,353
0,253
0,479
0,252
0,367
0,251
0,333
0,250
0,379
0,249
0,423
0,248
0,408
0,247
0,478
0,246
0,366
0,245
0,445
0,244
0,352
0,242
0,471
0,241
0,240
0,490
0,239
0,238
0,237
0,469
0,236
0,378
0,235
0,234
0,477
0,233
0,476
0,232
0,468
0,231
0,365
0,230
0,454
0,229
0,488
0,228
0,370
0,227
0,351
0,226
0,350
0,225
0,364
0,224
0,487
0,223
0,363
0,222
0,362
0,221
0,467
0,220
0,475
0,219
0,218
0,332
0,217
0,216
0,344
0,215
0,453
0,214
0,331
0,213
0,442
0,212
0,349
0,211
0,452
0,210
0,330
0,209
0,348
0,208
0,451
0,207
0,466
0,206
0,205
0,334
0,204
0,347
0,203
0,361
0,202
0,465
0,201
0,433
0,200
0,464
0,199
0,486
0,198
0,474
0,197
0,485
0,196
0,484
0,195
0,483
0,194
0,482
0,193
0,463
0,192
0,473
0,63
0,450
0,62
0,496
0,61
0,462
0,60
0,472
0,59
0,358
0,58
0,495
0,57
0,357
0,56
0,356
0,55
0,355
0,54
0,414
0,53
0,354
0,52
0,346
0,51
0,345
0,50
0,431
0,49
0,343
0,48
0,470
0,47
0,377
0,46
0,413
0,45
0,323
0,6
0,5
0,304
0,303
0,306
0,305
0,302
0,12
0,10
0,8
0,11
0,4
0,2
0,3
0,7
